2011
2014
2016
2017
2018
2021
2022
2023
2028
2030
2034
2042
2043
2044
2045
2046
2053
2055
2061
2067
2069
2070
2071
2072
2073
2075
2077
2078
2080
2082
2083
2085
2088
2092
2093
2094
2096
2098
2099
2102
2106
2108
2109
2115
2120
2133
2137
2138
2139
2141
2143
2144
2145
2146
2147
2148
2149
2151
2153
2154
2155
2156
2158
2159
2162
2163
2165
2166
2169
2170
2173
2174
2175
2178
2179
2180
2181
2182
2183
2185
2186
2188
2189
2190
2194
2195
2196
2197
2198
2200
2203
2204
2205
2207
2208
2209
2210
2211
2212
2214
2217
2218
2219
2220
2221
2222
2223
2225
2226
2227
2229
2230
